A  18 239  1198 396  63  1
A  1474 955  1386 642  22  3
A  123 573  607 21  49  0
A  1551 419  424 35  61  0
A  151 610  246 1061  80  2
A  940 1009  1337 829  42  0
A  951 677  36 696  46  1
A  210 578  1827 1032  67  3
A  1235 210  160 904  71  2
A  1817 12  1107 628  41  3
A  1613 455  1603 943  27  1
A  1001 441  1398 769  90  1
A  1420 570  1726 251  54  3
A  148 635  1405 639  92  1
A  1882 569  1326 927  90  1
A  1215 1061  1123 166  27  3
A  1307 919  1879 355  57  2
A  1084 63  1906 326  47  3
A  60 316  434 416  33  2
A  111 799  590 121  31  0
A  871 720  679 727  72  1
A  974 345  1492 218  88  2
A  1750 283  1005 609  65  3
A  401 45  1350 735  46  1
A  1525 948  9 688  62  1
A  250 964  1720 1074  79  1
A  1579 20  433 94  32  3
A  1502 599  1515 45  29  1
A  1696 658  590 421  79  2
A  1788 332  243 829  86  0
A  87 445  1088 1031  95  1
A  1300 542  867 700  77  1
A  1698 69  344 739  33  2
A  250 503  236 349  40  2
A  542 1045  1812 966  20  1
A  414 188  825 709  97  2
A  305 999  642 352  81  2
A  1450 432  1817 668  56  0
A  721 808  723 836  42  1
A  526 113  1667 448  24  1
A  1590 1057  1112 450  95  0
A  1277 1070  337 133  73  0
A  296 1002  224 413  96  0
A  189 770  1766 48  82  1
A  1135 154  806 627  95  2
A  1834 374  116 374  49  2
A  1018 928  1693 30  54  2
A  1912 404  1264 563  46  2
A  1077 23  991 392  58  0
A  585 229  1084 800  56  1
A  1730 889  1567 343  42  1
A  1656 1026  56 242  51  2
A  557 509  811 942  88  2
A  1882 428  170 318  80  2
A  1649 839  664 1018  50  0
A  70 96  76 268  67  3
A  608 1066  1857 566  31  3
A  1874 804  431 277  87  1
A  50 501  147 672  39  2
A  1021 231  493 228  86  3
A  99 849  1740 314  80  0
A  1100 975  1795 995  34  1
A  1244 162  830 249  93  0
A  1450 99  1883 177  98  3
A  286 930  42 800  77  3
A  1305 216  1557 1063  57  3
A  71 356  1365 962  86  2
A  1569 616  1656 410  26  0
A  1883 40  464 919  50  3
A  599 887  1674 24  28  2
A  1220 420  458 315  61  1
A  569 293  272 320  53  3
A  976 869  1264 450  48  2
A  148 805  1021 471  54  1
A  2 154  353 106  43  2
A  1019 683  1403 808  84  1
A  920 689  1537 359  92  2
A  242 1029  691 724  80  0
A  1056 399  1908 871  80  3
A  681 399  832 232  96  3
A  1556 630  926 570  76  2
A  481 1065  887 7  33  3
A  156 699  962 750  40  0
A  1071 133  741 455  64  0
A  443 543  373 704  62  1
A  1184 30  1867 852  46  1
A  686 1023  1127 782  22  1
A  1643 374  1138 38  46  0
A  697 469  280 371  70  3
A  507 788  1861 913  32  0
A  14 163  304 303  40  3
A  1737 751  311 1052  62  1
A  484 889  507 550  81  2
A  1041 836  1863 665  82  2
A  1571 38  127 981  22  3
A  427 983  409 184  50  0
A  653 871  261 988  78  3
A  1904 1062  1831 668  60  0
A  1102 493  1559 692  28  2
A  1529 658  1152 554  93  0
T  965 538  8
T  489 618  7
T  1170 893  7
T  1328 551  9
T  471 284  5
T  452 1079  8
T  170 847  10
T  1791 9  6
T  475 975  5
T  1042 879  9
